1100789
1100798
1100882
1100892
1100908
1101023
1101036
1101047
1101138
1101238
1101250
1101258
1101262
1101272
1113298
1113375
1113380
1113488
1113797
1113889
1113896
1113985
1113988
1114077
1114179
1114271
1127655
1127978
1136147
1136509
1138206
1138446
1141790
1141793
1141795
1141821
1141867
1141876
1141881
1141883
1141907
1141911
1141921
1141923
1141941
1141943
1141944
1141951
1141953
1141976
1141981
1141991
1141993
1141994
1146286
1146314
1146503
1146714
1146739
1146929
1146943
1146970
1147227
1147373
1147609
1147708
1148440
1148827
1149019
1149046
1150094
1150353
1159373
1159412
1159420
1159465
1159468
1159513
1159516
1159547
1159598
1159604
1159651
1159743
1159794
1159864
1162326
1162869
1163835
1164406
820163
820177
820254
820268
820457
820462
820466
820530
820545
820729
820732
820737
820739
820798
820813
821088
821097
821102
821294
821554
821571
821583
822973
823110
841418
841419
841421
841424
841425
841426
841428
841430
841432
841434
841435
841436
841437
841438
841441
841442
841443
841446
841448
841449
841450
841451
841452
841453
841454
841455
841458
841461
841466
841467
841468
841469
841470
841471
841472
841473
841474
841477
841478
841479
841480
841481
841482
841484
841487
841488
841490
841491
841493
841494
841495
841497
841498
841499
841500
841501
841502
841503
841507
841509
841510
841512
841513
841514
841515
841518
841519
841520
841522
841523
841524
841525
841528
841529
841530
841531
841532
841533
841534
841535
841540
841541
841542
841544
841545
841547
841548
841550
841553
841554
841558
841561
841562
841563
841564
841567
841568
841569
841571
841573
841574
841575
841576
841580
841581
841583
841584
841585
841586
841587
841588
841589
841594
841596
841597
841599
841600
841601
841602
841605
841606
841607
841608
841610
841611
841614
841615
841616
841618
841621
841625
841626
841627
841628
841629
841632
841633
841635
841636
841637
841638
841639
841640
841641
841643
841648
841650
841651
841652
841653
841657
841658
841661
841663
841665
841667
841668
841669
841670
841671
841672
841673
841675
841676
841678
841679
841683
841684
841685
841687
841690
841691
841693
841694
841695
841698
841699
841700
841701
841704
841705
841706
841711
841712
841716
841717
841718
841720
841721
841727
841728
841730
841731
841732
841734
841735
841736
841737
841738
841740
841742
841743
841745
841748
841749
841750
841751
841752
841757
841760
841761
841762
841763
841764
841765
841766
841767
841772
841773
841775
841776
841777
841779
841780
841781
841786
841791
841792
841794
841796
841797
841799
841800
841802
841803
841805
841807
841808
841810
841811
841812
841814
841821
841822
841823
841825
841829
841830
841831
841833
841835
841836
841837
841840
841841
841846
841847
841848
841849
841850
841851
841853
841854
841858
841859
841864
841865
841866
841869
841870
841874
841875
841877
841878
841881
841882
841883
841885
841886
841888
841897
841900
841901
841907
841908
841909
841910
841912
841913
841914
841916
841918
841921
841925
841926
841933
841936
841948
841949
841951
841952
841953
841955
841957
841961
841963
841964
841970
841972
841975
841981
841982
841985
841987
841989
841990
841994
841997
842001
842003
842004
842008
842016
842020
842024
842027
842029
842030
842032
842035
842039
842041
842045
842047
842048
842053
842056
842058
842060
842064
842065
842068
842070
842071
842073
842074
842075
842076
842077
842079
842082
842083
842087
842088
842095
842101
842102
842106
842109
842112
842116
842120
842123
842124
842129
842132
842133
842135
842137
842142
842144
842146
842148
842151
842152
842153
842154
842163
842168
842171
842176
842179
842182
842184
842187
842190
842195
842200
842203
842206
842207
842209
842210
842214
842217
842220
842224
842225
842226
842227
842228
842230
842232
842243
842245
842246
842251
842254
842256
842259
842262
842266
842267
842269
842275
842278
842280
842282
842284
842287
842290
842295
842296
842298
842299
842300
842301
842303
842304
842305
842306
842310
842316
842319
842320
842329
842330
842331
842337
842342
842343
842346
842350
842353
842354
842358
842361
842364
842368
842369
842370
842372
842373
842374
842376
842378
842381
842382
842388
842389
842396
842397
842398
842400
842406
842414
842418
842427
842432
842435
842438
842442
842443
842445
842447
842448
842452
842455
842457
842458
842467
842468
842474
842475
842477
842479
842480
842484
842488
842489
842498
842505
842506
842507
842509
842511
842512
842514
842515
842517
842519
842520
842521
842522
842529
842531
842532
842538
842539
842543
842545
842551
842553
842555
842556
842561
842564
842568
842570
842582
842587
842588
842593
842595
842597
842602
842604
842607
842615
842617
842621
842622
842626
842630
842632
842635
842645
842650
842656
842658
842661
842662
842667
842670
842673
842674
842681
842684
842685
842690
842694
842695
842699
842702
842708
842711
842716
842717
842728
842732
842733
842736
842737
842740
842743
842750
842752
842756
842758
842759
842765
842766
842768
842770
842774
842777
842778
842782
842784
842786
842789
842790
842792
842793
842796
842798
842799
842803
842816
842818
842819
842823
842827
842830
842832
842833
842837
842844
842846
842850
842854
842856
842860
842861
842863
842864
842866
842868
842869
842872
842875
842876
842878
842879
842881
842882
842883
842884
842885
842888
842892
842893
842900
842905
842910
842912
842922
842925
842926
842929
842933
842935
842938
842943
842944
842948
842949
842950
842952
842954
842955
842956
842958
842959
842960
842967
842968
842971
842973
842974
842981
842985
842986
842988
842993
842997
842998
843002
843008
843010
843014
843017
843021
843022
843027
843031
843032
843034
843036
843038
843040
843041
843043
843044
843045
843046
843047
843048
843050
843056
843057
843059
843060
843069
843070
843071
843072
843078
843079
843080
843087
843099
843101
843108
843111
843115
843117
843119
843121
843123
843125
843128
843130
843137
843144
843157
843182
843188
843193
843213
843215
843220
843222
843243
843250
843276
843279
843283
843289
843307
843312
843315
843320
843335
843383
843391
843397
843414
843416
843440
843447
843455
843459
843464
843480
843499
843508
843511
843512
843514
843519
843525
843535
843554
843557
843558
843564
843565
843574
843602
843611
843624
843631
843647
843650
843666
843667
843670
843676
843687
843701
843711
843717
843731
843735
843736
843742
843749
843755
843756
843759
843761
843777
843861
843865
843887
843905
843911
843922
843924
843929
843938
843964
843968
843975
843979
843984
843990
843998
844006
844011
844035
844040
844047
844057
844068
844075
844081
844095
844102
844116
844118
844119
844121
844132
844138
844141
844142
844146
844148
844154
844161
844166
844186
844194
844206
844237
844242
844247
844251
844252
844255
844264
844268
844269
844272
844274
844276
844279
844282
844292
844293
844298
844304
844305
844315
844330
844338
844346
844353
844374
844383
844392
844398
844399
844400
844407
844412
844414
844416
844421
844425
844459
844478
844483
844489
844493
844504
844506
844510
844524
844526
844532
844882
844891
844941
845009
845275
845385
845443
845500
845602
845729
845771
845851
845944
846077
846104
846156
846171
846211
846214
846217
846223
846271
846286
846287
846291
846294
846314
846353
846396
846404
846471
846473
846476
846511
846528
846544
846548
846570
846591
846606
846610
846657
846659
846661
847493
847580
847621
847678
847757
847885
853624
854911
854958
855113
855385
855491
856128
856564
856687
856735
857422
857855
857986
858001
858019
858049
858053
858074
858091
858102
858131
858138
858141
858153
858154
858162
858182
858192
858242
858272
858413
858845
859747
859751
859754
859759
859826
859857
859877
859902
859914
859975
859977
859982
859986
859996
860007
860015
860039
860060
860068
860073
860092
860098
860110
860127
860135
860145
860150
860152
860176
860178
860181
860230
860232
860240
860247
860290
860372
860391
860410
860426
860491
860496
860530
860586
860606
860625
860628
860645
860658
860681
860701
860712
860739
860742
860760
860778
860804
860823
860842
860848
860854
860866
860885
860907
860922
860948
861152
861153
861154
861155
861156
861157
861158
861159
861160
861161
861162
861163
861164
861165
861166
861167
861168
861169
861170
861171
861172
861173
861174
861175
861176
861177
861178
861179
861180
861181
861182
861183
861184
861185
861186
861187
861188
861189
861190
861191
861192
861193
861194
861195
861196
861197
861198
861199
861200
861201
861202
861203
861204
861205
861206
861207
861208
861209
861210
861211
861212
861213
861214
861215
861216
861217
861218
861219
861220
861221
861222
861223
861224
861225
861226
861227
861228
861229
861230
861231
861232
861233
861234
861235
861236
861237
861238
861239
861240
861241
861242
861243
861244
861245
861246
861247
861248
861249
861250
861251
861252
861253
861254
861255
861256
861257
861258
861259
861261
861262
861263
861264
861265
861266
861267
861268
861269
861270
861271
861272
861273
861274
861275
861276
861277
861278
861279
861280
861281
861282
861283
861284
861285
861286
861287
861288
861289
861290
861291
861292
861293
861294
861295
861296
861297
861298
861299
861300
861301
861302
861303
861304
861305
861306
861307
861308
861309
861310
861311
861312
861313
861314
861315
861316
861317
861318
861319
861320
861321
861322
861323
861324
861325
861326
861327
861328
861329
861330
861331
861332
861333
861334
861335
861336
861337
861338
861339
861340
861341
861342
861343
861344
861345
861346
861347
861348
861349
861350
861351
861352
861353
861354
861355
861356
861357
861358
861359
861360
861361
861362
861363
861364
861365
861366
861367
861368
861369
861370
861371
861372
861373
861374
861375
861376
861377
861378
861379
861380
861381
861382
861383
861384
861385
861386
861387
861388
861389
861390
861391
861392
861393
861394
861395
861396
861397
861398
861399
861400
861401
861402
861403
861404
861405
861406
861407
861408
861409
861410
861411
861412
861413
861414
861415
861416
861417
861418
861419
861420
861421
861422
861423
861424
861425
861426
861427
861428
861429
861430
861431
861432
861433
861434
861435
861436
861437
861438
861439
861440
861441
861442
861443
861444
861445
861446
861447
861448
861449
861450
861451
861452
861453
861454
861455
861456
861457
861458
861459
861460
861461
861462
861463
861464
861465
861466
861467
861468
861469
861470
861471
861472
861473
861474
861475
861476
861477
861478
861479
861480
861481
861482
861483
861484
861485
861486
861487
861488
861489
861490
861491
861492
861493
861494
861495
861496
861497
861498
861499
861500
861501
861502
861503
861504
861505
861506
861507
861508
861509
861510
861511
861512
861513
861514
861515
861516
861517
861518
861519
861520
861521
861522
861523
861524
861525
861526
861527
861528
861529
861530
861531
861532
861533
861534
861535
861536
861537
861538
861539
861540
861541
861542
861543
861544
861545
861546
861547
861548
861549
861550
861551
861552
861553
861554
861555
861556
861557
861558
861559
861560
861561
861562
861563
861564
861565
861566
861567
861568
861569
861570
861571
861572
861573
861574
861575
861576
861577
861578
861579
861580
861581
861582
861583
861584
861585
861586
861587
861588
861589
861590
861591
861592
861593
861594
861595
861596
861597
861598
861599
861600
861601
861602
861603
861604
861605
861606
861607
861608
861609
861610
861611
861612
861613
861614
861615
861616
861617
861618
861619
861620
861621
861623
861624
861625
861626
861627
861628
861629
861630
861631
861632
861633
861634
861635
861636
861637
861638
861639
861640
861641
861642
861643
861644
861645
861646
861647
861648
861649
861650
861651
861652
861653
861654
861655
861656
861657
861658
861659
861660
861661
861662
861663
861664
861665
861666
861667
861668
861669
861670
861671
861672
861673
861674
861675
861676
861677
861678
861679
861680
861681
861682
861683
861684
861685
861686
861687
861688
861689
861690
861691
861692
861693
861694
861695
861696
861697
861698
861699
861700
861701
861702
861703
861704
861705
861706
861707
861708
861709
861710
861711
861712
861713
861714
861715
861716
861717
861718
861719
861720
861721
861722
861723
861724
861725
861726
861727
861728
861729
861730
861731
861732
861733
861734
861735
861736
861737
861738
861739
861740
861741
861742
861743
861744
861745
861746
861747
861748
861749
861750
861751
861752
861753
861754
861755
861756
861757
861758
861759
861760
861761
861762
861763
861764
861766
861767
861768
861769
861770
861771
861772
861773
861774
861775
861776
861777
861778
861779
861780
861781
861782
861783
861784
861785
861786
861787
861788
861789
861790
861791
861792
861793
861794
861795
861796
861797
861798
861799
861800
861801
861802
861803
861804
861805
861806
861807
861808
861809
861810
861811
861812
861813
861814
861815
861816
861817
861818
861819
861820
861821
861822
861823
861824
861825
861826
861827
861828
861829
861830
861831
861832
861833
861834
861835
861836
861837
861838
861839
861840
861841
861842
861843
861844
861848
861851
861852
861863
861878
861910
861957
861962
861993
862003
862004
862005
862008
862009
862012
862013
862014
862015
862016
862018
862019
862020
862022
862024
862025
862026
862027
862030
862033
862034
862035
862038
862039
862040
862043
862044
862045
862052
862053
862056
862058
862060
862061
862062
862065
862067
862069
862070
862073
862075
862076
862077
862078
862079
862086
862087
862088
862090
862091
862092
862095
862096
862098
862100
862101
862103
862104
862106
862107
862109
862110
862111
862112
862115
862116
862117
862119
862120
862123
862124
862126
862127
862128
862130
862131
862134
862135
862136
862137
862139
862141
862142
862146
862150
862151
862154
862155
862157
862159
862164
862166
862167
862168
862169
862170
862171
862175
862176
862181
862183
862185
862187
862189
862190
862193
862196
862198
862199
862200
862202
862203
862204
862205
862206
862208
862209
862210
862211
862212
862214
862215
862216
862219
862223
862228
862229
862231
862232
862235
862236
862237
862238
862239
862240
862241
862242
862244
862246
862249
862250
862253
862254
862256
862257
862259
862260
862267
862269
862271
862274
862275
862276
862277
862278
862280
862283
862284
862285
862287
862288
862289
862290
862294
862295
862296
862297
862299
862300
862302
862304
862305
862309
862311
862312
862313
862315
862316
862317
862318
862324
862325
862326
862327
862328
862332
862333
862334
862337
862338
862339
862340
862341
862343
862344
862346
862347
862349
862350
862352
862353
862354
862355
862358
862359
862363
862366
862370
862374
862375
862376
862377
862380
862382
862384
862385
862387
862388
862389
862391
862393
862394
862396
862397
862398
862399
862402
862403
862404
862405
862406
862408
862409
862410
862412
862413
862414
862416
862417
862418
862419
862420
862422
862423
862424
862426
862427
862429
862431
862432
862433
862434
862437
862438
862441
862443
862446
862448
862449
862450
862451
862452
862453
862455
862456
862457
862458
862459
862461
862462
862464
862466
862468
862469
862470
862471
862472
862475
862476
862480
862483
862485
862486
862487
862489
862490
862491
862493
862494
862495
862496
862497
862499
862501
862505
862506
862507
862509
862511
862512
862514
862518
862519
862522
862523
862524
862525
862526
862527
862528
862710
862711
862737
862751
862759
862763
862771
862777
862778
862803
862809
862811
862818
862823
862827
862863
862876
862882
862890
862901
862913
862964
862976
862997
863019
863020
863039
863054
863081
863082
863108
863119
863125
863129
863135
863145
863153
863168
863173
863175
863197
863220
863223
863226
863238
863257
863264
863266
863268
863271
863275
863290
863294
863318
863322
863327
863329
863335
863338
863348
863503
863507
863511
863513
863521
863559
863562
863564
863628
863674
863728
863769
863833
863949
863953
863959
863962
863965
863969
863972
863981
863987
863991
863994
864000
864002
864004
864012
864014
864018
864024
864035
864036
864040
864045
864054
864060
864061
864069
864073
864078
864085
864087
864091
864097
864098
864103
864104
864113
864119
864124
864125
864131
864137
864139
864141
864143
864149
864161
864163
864174
864182
864183
864191
864192
864194
864195
864210
864215
864221
864234
864243
864252
864266
864268
864279
864292
864296
864301
864302
864303
864321
864338
864340
864345
864349
864359
864364
864365
864382
864383
864391
864394
864409
864427
864430
864439
864440
864442
864448
864450
864459
864460
864469
864474
864481
864482
864977
864978
864979
864981
864985
864986
864988
864989
864990
864991
864992
864995
864997
864999
865001
865002
865004
865006
865007
865008
865009
865010
865011
865012
865013
865014
865015
865016
865019
865020
865021
865022
865023
865030
865031
865032
865033
865034
865035
865036
865037
865038
865039
865043
865044
865045
865047
865048
865049
865051
865052
865057
865058
865059
865060
865061
865062
865063
865064
865066
865067
865068
865071
865073
865074
865075
865077
865078
865080
865081
865086
865087
865088
865093
865095
865096
865098
865099
865100
865102
865103
865105
865108
865110
865111
865113
865114
865115
865116
865118
865119
865121
865122
865123
865125
865126
865127
865130
865132
865133
865135
865136
865139
865141
865142
865143
865144
865145
865152
865155
865157
865158
865160
865161
865162
865165
865166
865167
865168
865170
865171
865172
865173
865176
865178
865180
865181
865182
865183
865185
865187
865190
865194
865195
865196
865200
865201
865203
865206
865210
865211
865212
865215
865217
865218
865219
865220
865221
865224
865227
865228
865229
865230
865233
865234
865239
865241
865242
865243
865244
865247
865249
865250
865253
865254
865255
865258
865259
865260
865261
865262
865266
865270
865273
865274
865275
865277
865278
865279
865280
865282
865283
865284
865285
865287
865290
865291
865292
865294
865296
865297
865298
865299
865303
865304
865305
865306
865307
865308
865311
865312
865313
865314
865315
865319
865320
865321
865324
865327
865330
865331
865332
865333
865334
865335
865337
865338
865340
865342
865344
865350
865352
865353
865354
865359
865360
865364
865365
865367
865368
865369
865370
865371
865374
865376
865377
865378
865379
865381
865382
865384
865385
865386
865387
865388
865389
865393
865395
865396
865398
865399
865400
865403
865404
865406
865408
865409
865410
865411
865415
865416
865417
865418
865419
865424
865425
865426
865429
865430
865431
865433
865434
865437
865440
865442
865444
865446
865448
865449
865450
865451
865453
865455
865456
865458
865462
865465
865466
865467
865469
865470
865471
865474
865476
865479
865481
865483
865484
865486
865487
865488
865490
866738
866743
866772
866783
866880
866890
866933
867065
867108
867184
867221
867236
867248
867296
872419
872443
872470
872474
872479
872491
872524
872534
872555
872565
872577
872586
872611
872618
872620
872638
872656
872661
872678
872686
872687
872691
872695
872700
872716
872724
872732
872735
872749
872750
872755
872782
872788
872797
872820
872829
872836
872844
872846
872857
872859
872865
872869
872878
872880
872882
872887
872896
872899
872900
872907
872911
872913
872920
872922
872930
872950
872951
872952
872953
872954
872955
872957
872958
872959
872960
872961
872963
872964
872965
872966
872967
872968
872969
872970
872971
872973
872974
872975
872976
872977
872978
872979
872980
872983
872984
872985
872986
872987
872988
872989
872990
872991
872992
872993
872994
872995
872996
872997
872998
873000
873002
873003
873004
873005
873006
873007
873008
873009
873010
873011
873012
873013
873014
873015
873016
873017
873018
873019
873020
873021
873022
873023
873024
873025
873026
873027
873028
873029
873030
873031
873032
873033
873036
873038
873040
873041
873042
873043
873044
873045
873046
873047
873049
873051
873052
873053
873054
873055
873056
873060
873061
873062
873066
873067
873068
873069
873072
873074
873075
873076
873077
873078
873079
873080
873081
873082
873083
873084
873085
873087
873088
873092
873093
873095
873096
873097
873099
873100
873101
873102
873103
873104
873105
873106
873109
873110
873111
873112
873113
873115
873116
873118
873119
873120
873121
873122
873123
873124
873125
873126
873128
873130
873131
873132
873133
873134
873135
873136
873137
873138
873139
873140
873141
873142
873143
873144
873145
873146
873147
873148
873149
873150
873151
873152
873153
873154
873156
873157
873158
873159
873160
873161
873163
873164
873165
873166
873167
873168
873169
873170
873172
873173
873175
873176
873177
873178
873179
873180
873181
873182
873183
873184
873186
873188
873189
873191
873192
873193
873194
873195
873196
873197
873198
873199
873200
873201
873202
873203
873204
873205
873206
873207
873208
873209
873211
873212
873213
873214
873217
873218
873219
873221
873222
873223
873224
873225
873226
873227
873228
873229
873230
873231
873232
873233
873234
873235
873237
873238
873239
873240
873241
873242
873243
873244
873245
873246
873247
873248
873249
873250
873251
873252
873254
873255
873256
873257
873258
873259
873260
873261
873263
873265
873267
873268
873269
873272
873273
873275
873276
873277
873278
873279
873280
873281
873282
873284
873285
873286
873287
873288
873289
873290
873291
873292
873293
873294
873295
873296
873297
873299
873301
873302
873303
873304
873305
873306
873307
873310
873311
873312
873313
873314
873315
873316
873317
873322
873330
873332
873339
873342
873348
873359
873363
873364
873367
873370
873373
873375
873376
873528
873529
873533
873535
873541
873546
873551
873559
873565
873568
873584
873587
873593
873594
873601
873602
873603
873604
873607
873617
873619
873631
873645
873647
873663
873666
873687
873693
873694
873697
873699
873700
873701
873702
873704
873706
873708
873709
873711
873712
873713
873714
873718
873719
873721
873724
873725
873727
873729
873731
873732
873735
873736
873737
873744
873746
873747
873748
873751
873754
873756
873757
873759
873761
873763
873765
873767
873768
873772
873774
873776
873778
873780
873781
873782
873783
873784
873785
873792
873795
873796
873798
873799
873800
873802
873804
873805
873806
873809
873811
873812
873813
873818
873819
873824
873826
873828
873829
873830
873831
873833
873834
873836
873837
873838
873839
873840
873842
873849
873850
873852
873853
873854
873856
873861
873862
873866
873869
873870
873871
873879
873880
873882
873883
873885
873888
873889
873890
873891
873892
873895
873896
873897
873899
873905
873909
873916
873918
873919
873920
873921
873923
873926
873927
873928
873929
873930
873931
873932
873939
873943
873946
873947
873948
873949
873950
873951
873953
873956
873957
873959
873966
873967
873968
873970
873974
873975
873976
873977
873978
873979
873980
873982
873984
873987
873989
873991
873992
873994
873995
873997
873998
874001
874002
874006
874007
874008
874011
874015
874017
874018
874019
874021
874025
874032
874033
874036
874038
874042
874045
874046
874048
874049
874051
874053
874055
874059
874060
874062
874063
874066
874071
874074
874075
874077
874082
874084
874086
874087
874089
874090
874091
874092
874093
874094
874096
874097
874098
874099
874101
874104
874107
874109
874115
874117
874122
874126
874128
874129
874131
874133
874134
874136
874137
874138
874139
874140
874145
874147
874149
874151
874152
874154
874155
874159
874160
874165
874166
874167
874171
874173
874178
874179
874181
874184
874185
874186
874187
874188
874189
874190
874191
874192
874194
874197
874200
874202
874203
874206
874207
874208
874209
874210
874214
874216
874217
874218
874219
874221
874224
874225
874226
874227
874228
874229
874230
874232
874236
874239
874240
874243
874244
874247
874249
874252
874253
874254
874255
874256
874258
874264
874265
874269
874271
874273
874274
874276
874278
874279
874283
874286
874289
874290
874292
874294
874295
874296
874299
874303
874306
874308
874309
874310
874312
874313
874314
874315
874316
874318
874320
874322
874323
874324
874330
874331
874333
874335
874336
874338
874342
874343
874344
874345
874347
874349
874352
874353
874355
874357
874358
874361
874364
874365
874366
874369
874371
874373
874375
874377
874383
874385
874390
874398
874401
874404
874407
874408
874413
874414
874415
874419
874420
874421
874422
874423
874425
874430
874431
874433
874435
874439
874441
874442
874447
874449
874450
874451
874452
874453
874454
874456
874461
874462
874465
874467
874468
874470
874471
874473
874474
874475
874476
874477
874480
874483
874485
874491
874492
874495
874496
874499
874500
874501
874503
874506
874507
874509
874510
874516
874518
874520
874521
874523
874526
874528
874530
874531
874535
874537
874542
874546
874550
874551
874553
874556
874559
874560
874561
874562
874563
874564
874565
874567
874568
874569
874570
874572
874578
874581
874584
874587
874590
874594
874595
874597
874601
874602
874604
874607
874612
874614
874615
874620
874621
874623
874624
874626
874629
874633
874637
874640
874644
874650
874667
874682
874683
874688
874691
874692
874700
874708
874709
874712
874717
874719
874730
874731
874749
874756
874761
874762
874766
874767
874775
874776
874779
874785
874786
874787
874788
874790
874792
874795
874796
874800
874801
874802
874809
874811
874812
874828
874839
874841
874849
874852
874865
874872
874881
874884
874890
874898
874899
874907
874914
874915
874916
874917
874921
874929
874930
874935
874943
874947
874948
874953
874954
874955
874966
874978
874980
874983
874986
874990
874999
875002
875003
875007
875010
875014
875016
875022
875028
875038
875040
875044
875045
875047
875054
875058
875059
875061
875062
875070
875073
875075
875080
875085
875091
875093
875094
875098
875100
875102
875104
875110
875120
875123
875138
875146
875150
875151
875156
875157
875161
875168
875170
875174
875177
875178
875183
875188
875190
875191
875192
875199
875206
875208
875210
875213
875218
875220
875233
875235
875244
875245
875253
875256
875261
875262
875264
875267
875268
875271
875277
875282
875294
875311
875312
875319
875321
875324
875325
875329
875330
875335
875338
875343
875345
875369
875375
875380
875383
875389
875391
875393
875397
875401
875412
875414
875426
875429
875435
875436
875437
875438
875439
875441
875445
875446
875447
875448
875449
875451
875453
875455
875457
875458
875460
875464
875466
875468
875470
875472
875474
875477
875479
875481
875482
875484
875485
875487
875489
875490
875491
875492
875494
875495
875496
875501
875505
875513
875518
875519
875521
875522
875523
875524
875525
875528
875530
875531
875533
875537
875538
875543
875544
875545
875548
875550
875551
875552
875556
875557
875558
875560
875562
875565
875569
875570
875571
875572
875573
875574
875575
875577
875578
875580
875582
875583
875586
875589
875590
875593
875594
875598
875599
875600
875604
875606
875613
875615
875618
875621
875622
875625
875626
875628
875629
875634
875636
875637
875642
875643
875644
875646
875647
875649
875652
875653
875654
875655
875657
875658
875663
875668
875670
875673
875676
875678
875679
875680
875683
875686
875687
875688
875693
875694
875696
875697
875698
875699
875701
875702
875704
875708
875710
875714
875717
875722
875725
875726
875727
875729
875730
875734
875738
875740
875741
875748
875752
875753
875755
875759
875763
875765
875766
875768
875770
875773
875776
875777
875781
875782
875784
875786
875787
875788
875789
875793
875794
875800
875801
875802
875803
875804
875805
875806
875807
875809
875810
875812
875816
875817
875818
875821
875823
875824
875826
875830
875832
875838
875840
875842
875844
875851
875855
875856
875857
875858
875859
875860
875861
875864
875871
875873
875876
875877
875880
875881
875882
875887
875889
875891
875892
875893
875895
875896
875898
875901
875905
875906
875908
875912
875914
875915
875920
875921
875922
875923
875924
875926
875927
875929
875935
875937
875938
875939
875940
875942
875944
875945
875948
875950
875952
875954
875958
875961
875962
875966
875967
875969
875970
875972
875974
875976
875978
875979
875980
875983
875984
875985
875988
875989
875990
875991
875992
875993
875997
875999
876001
876004
876006
876008
876011
876013
876014
876015
876016
876018
876019
876021
876022
876023
876024
876025
876026
876029
876031
876035
876036
876037
876042
876043
876044
876049
876050
876051
876052
876056
876058
876059
876060
876061
876062
876070
876071
876072
876074
876075
876079
876085
876090
876098
876100
876101
876102
876104
876108
876109
876110
876111
876113
876114
876115
876116
876117
876121
876123
876125
876127
876128
876129
876134
876137
876138
876142
876143
876149
876151
876153
876158
876159
876160
876161
876164
876165
876166
876169
876170
876171
876172
876173
876174
876175
876182
876185
876186
876189
876191
876198
876202
876204
876207
876208
876211
876217
876223
876225
876229
876231
876233
876234
876235
876238
876239
876242
876243
876246
876248
876249
876250
876251
876252
876254
876256
876257
876258
876259
876260
876263
876265
876266
876268
876273
876275
876280
876281
876283
876285
876286
876288
876292
876293
876296
876297
876298
876299
876300
876301
876303
876306
876307
876308
876310
876311
876313
876315
876471
876521
876522
876531
876535
876543
876556
876559
876574
876586
876594
876596
876601
876612
876647
876649
876664
876677
876684
876686
876692
876698
876706
876711
876716
876724
876726
876734
876735
876748
876750
876760
876771
876774
876787
876790
876791
876802
876828
876833
876877
876891
876932
876942
876956
876973
876980
876986
876998
877005
877008
877015
877033
877035
877077
877106
877110
877129
877137
877156
877189
877214
877224
877228
877473
877474
877475
877476
877477
877478
877500
877512
877533
877552
877562
877571
877619
877622
877646
877665
877670
877681
877722
877723
877724
877725
877727
877730
877731
877732
877733
877734
877735
877736
877740
877741
877744
877745
877747
877748
877749
877750
877751
877752
877753
877755
877756
877757
877760
877761
877764
877766
877767
877769
877770
877771
877774
877778
877779
877780
877782
877783
877784
877787
877788
877790
877791
877792
877795
877796
877799
877800
877801
877802
877805
877806
877807
877808
877809
877810
877811
877812
877813
877815
877816
877817
877818
877819
877820
877821
877822
877823
877824
877825
877826
877827
877829
877830
877834
877835
877837
877838
877839
877840
877843
877844
877845
877846
877848
877849
877850
877853
877854
877855
877857
877860
877862
877863
877866
877869
877870
877872
877873
877878
877879
877880
877881
877882
877884
877885
877888
877889
877893
877894
877895
877896
877897
877898
877899
877900
877901
877904
877905
877906
877910
877911
877912
877913
877914
877915
877916
877919
877921
877922
877924
877925
877927
877929
877930
877932
877933
877934
877935
877936
877937
877938
877940
877941
877942
877943
877944
877945
877946
877947
877950
877951
877952
877954
877955
877957
877958
877959
877962
877963
877965
877966
877967
877969
877973
877974
877979
877980
877981
877982
877984
877986
877987
877988
877990
877991
877992
877994
877998
877999
878000
878003
878004
878006
878007
878008
878009
878012
878014
878015
878016
878017
878018
878019
878023
878024
878026
878027
878029
878030
878031
878034
878036
878037
878039
878040
878041
878043
878044
878045
878047
878049
878052
878055
878056
878059
878062
878063
878064
878066
878068
878070
878071
878072
878073
878074
878076
878077
878078
878081
878082
878084
878087
878088
878089
878091
878093
878095
878097
878098
878103
878104
878105
878107
878108
878110
878112
878113
878114
878116
878119
878120
878121
878123
878124
878125
878129
878130
878132
878134
878137
878141
878142
878143
878144
878146
878149
878151
878153
878154
878155
878159
878160
878161
878162
878163
878165
878167
878170
878171
878172
878173
878174
878177
878181
878182
878185
878186
878187
878188
878189
878191
878192
878195
878196
878198
878199
878202
878203
878205
878207
878209
878210
878211
878214
878216
878399
878406
878417
878434
878450
878470
878556
878560
878570
878608
878751
878779
878830
878989
879104
879267
879488
879505
879627
879716
879756
879885
879890
879972
880057
880185
880233
880388
880452
880509
880553
880557
880571
880584
880601
880603
880608
880622
880625
880654
880673
880679
880682
880683
880703
880747
881286
881345
881492
881685
881867
881868
881929
882085
882453
882618
882980
883078
883086
883173
883226
883574
883611
883734
883818
883838
884043
884256
884424
884508
884574
884744
884757
884787
884841
885076
885230
885255
885530
885597
885600
885610
885611
885630
885631
885668
885672
885684
885692
885694
885700
885705
885713
885714
885715
885723
885734
885736
885740
885741
885742
885745
885751
885758
885763
885769
885773
885776
885782
885783
885789
885794
885803
885804
885811
885816
885818
885821
885825
885832
885849
885851
885852
885853
885855
885856
885857
885858
885859
885860
885861
885863
885865
885866
885867
885868
885869
885870
885874
885875
885876
885877
885878
885880
885884
885885
885886
885887
885889
885890
885891
885892
885893
885894
885895
885896
885903
885905
885906
885907
885909
885910
885912
885913
885914
885915
885917
885918
885919
885920
885921
885924
885925
885926
885927
885931
885932
885934
885936
885937
885938
885940
885941
885942
885943
885944
885945
885946
885947
885948
885950
885951
885952
885954
885955
885957
885958
885961
885962
885963
885966
885967
885971
885972
885973
885975
885976
885978
885980
885981
885982
885985
885986
885987
885988
885989
885992
885994
885998
885999
886000
886001
886002
886003
886004
886006
886007
886008
886009
886036
886037
886040
886043
886161
886167
886178
886184
886194
886198
886204
886220
886225
886237
886242
886283
886295
886313
886320
886323
886342
886373
886374
886437
886438
886457
886475
886483
886502
886507
886508
886518
886536
886537
886545
886569
886596
886602
886614
886629
886635
886672
886691
886708
886727
886729
886734
886750
886769
886776
886784
886798
886802
886808
886810
886814
886817
886822
886831
886835
886836
886837
886839
886840
886844
886849
886852
886854
886856
886861
886865
886866
886868
886872
886878
886879
886880
886885
886887
886890
886895
886897
886900
886906
886908
886915
886920
886923
886928
886937
886938
886939
886943
886945
886951
886962
886963
886966
886967
886972
886973
886979
886984
886986
886993
886994
886996
886999
887008
887010
887011
887016
887018
887020
887028
887030
887031
887034
887038
887039
887040
887043
887045
887047
887049
887050
887053
887055
887058
887060
887061
887063
887068
887070
887078
887079
887080
887089
887097
887106
887109
887114
887117
887125
887128
887131
887143
887149
887157
887169
887176
887179
887180
887187
887191
887193
887195
887199
887207
887208
887213
887214
887217
887219
887227
887247
887276
887279
887287
887310
887311
887324
887341
887347
887351
887371
887386
887390
887392
887395
887399
887401
887418
887429
887430
887438
887444
887455
887460
887475
887488
887497
887499
887506
887512
887515
887516
887530
887535
887540
887544
887546
887565
887580
887581
887592
887599
887602
887615
887635
887637
887643
887646
887649
887651
887655
887663
887678
887680
887682
887684
887686
887688
887697
887701
887714
887720
887722
887727
887728
887732
887733
887735
887737
887738
887742
887743
887744
887754
887758
887783
887790
887800
887817
887826
887831
887841
887852
887856
887869
887870
887879
887887
887888
887892
887911
887917
887936
887938
887944
887962
